AC Number,Booth Number 2014,SAD-BJP,AAP,INC,BSP,Others,Total Valid Vote
88,1,27.61,43.05,26.64,0.19,2.51,518
88,2,24.72,42.6,24.06,0.44,8.17,453
88,3,31.56,38.93,25,0,4.51,488
88,4,34.31,41.08,20.77,0.9,2.93,443
88,5,19,56.25,14.62,0.75,9.38,800
88,6,18.68,73.31,5.87,0.36,1.78,562
88,7,41.55,34.31,21.03,0,3.1,580
88,8,27.78,47.22,22.08,0,2.92,720
88,9,21.33,43.69,25.67,1.04,8.28,483
88,10,36.46,36.86,19.55,0.2,6.92,491
88,11,37.91,43.26,15.27,0,3.56,393
88,12,31.97,37.16,24.59,0.68,5.6,732
88,13,36.66,40.83,17.73,0.3,4.47,671
88,14,52.37,27.74,17.52,1.09,1.28,548
88,15,34.95,33.06,27.69,0.54,3.76,744
88,16,56.61,20.11,21.9,0,1.38,726
88,17,47.79,40.59,9.04,0.37,2.21,542
88,18,37.61,35,23.91,0.43,3.04,460
88,19,41.8,33.4,20.45,0.3,4.05,988
88,20,37.17,44.99,15.3,0,2.53,869
88,21,22.71,62.24,10.62,0.29,4.13,678
88,22,22.39,57.3,16.97,1.11,2.23,719
88,23,15.03,69.26,11.74,0.17,3.8,579
88,24,54.9,20.36,22.78,0.15,1.81,663
88,25,20.51,20.69,34.12,0.36,24.32,551
88,26,34.19,25.69,24.31,0.2,15.61,506
88,27,22.93,59.84,12.68,0.49,4.07,615
88,28,34.95,15.16,40.11,0.43,9.35,930
88,29,30.56,25.13,34.13,0.51,9.68,589
88,30,29.97,24.32,38.36,0.17,7.19,584
88,31,18.42,53.82,22.67,0.48,4.61,825
88,32,32.23,62.09,5.13,0,0.55,546
88,33,29.26,45.02,17.04,2.57,6.11,311
88,34,26.31,49.08,20.46,1.08,3.08,650
88,35,22.49,55.65,16.21,1.57,4.08,956
88,36,23.16,55.74,18.44,0.2,2.46,488
88,37,34.54,43.5,17.48,1.28,3.2,469
88,38,29.45,43.04,25.11,0.11,2.28,876
88,39,27.1,54.34,14.82,0.6,3.14,668
88,40,26.32,42.33,17.23,0.68,13.43,737
88,41,25.66,38.89,29.1,0.53,5.82,756
88,42,27.68,49.83,17.62,0.17,4.7,596
88,43,33.16,38.72,22.73,1.18,4.21,594
88,44,29.24,44.64,21.44,0.97,3.7,513
88,45,38.73,31.66,24.95,0.19,4.47,537
88,46,42.66,24.31,26.61,0.23,6.19,436
88,47,45.75,20.61,30.74,0.18,2.71,553
88,48,41.43,28.49,24.3,0,5.78,502
88,49,29.33,46.97,21.35,0.22,2.13,890
88,50,9.99,43.97,41.19,1.25,3.61,721
88,51,12.77,39.9,41,0.85,5.47,822
88,52,13.06,65.32,19.68,0.32,1.61,620
88,53,14.49,51.73,32.45,0,1.33,752
88,54,14.79,60.51,23.15,0.19,1.36,514
88,55,14.61,64.29,19.57,0.25,1.27,787
88,56,11.85,52.92,26.79,4.55,3.9,616
88,57,16.53,60.5,21.32,0.66,0.99,605
88,58,8.47,57.21,30.78,0.69,2.86,874
88,59,17.04,56.39,20.8,1.5,4.26,798
88,60,19.48,54.03,22.08,1.43,2.99,770
88,61,15.97,62.73,17.59,1.39,2.31,432
88,62,11.82,60.98,20.83,0.38,6,533
88,63,19.71,51.01,24.66,0.45,4.17,888
88,64,11.39,53.22,26.36,0,9.03,808
88,65,12.06,49.16,22.75,0.31,15.73,655
88,66,12.81,71.6,13.7,0.2,1.69,1007
88,67,11.64,52.47,32.85,0.16,2.87,627
88,68,15.06,63.89,18.48,0.12,2.45,817
88,69,14.14,62.6,20.75,0,2.51,877
88,70,8.78,50.64,37.66,0.37,2.56,547
88,71,10.14,60.85,26.98,0.2,1.83,493
88,72,8.32,39.79,46.68,0.26,4.94,769
88,73,11.39,63.9,22.78,0.58,1.35,518
88,74,8.86,68.3,20.8,0.23,1.82,880
88,75,12.02,54.84,29.29,0.35,3.5,857
88,76,9.55,56.5,32.23,0,1.72,754
88,77,13.53,53.19,30.79,0.47,2.02,643
88,78,16.07,51.43,31.07,0,1.43,280
88,79,21.78,55.35,22.14,0,0.73,822
88,80,19.68,55.13,23.23,0.12,1.83,818
88,81,6.94,60.21,30.76,0.13,1.96,764
88,82,18.94,45.3,33.29,0.25,2.23,808
88,83,15.69,54.9,27.7,0,1.72,408
88,84,18.22,49.53,31.07,0,1.17,428
88,85,22.03,49.24,27.59,0,1.14,790
88,86,10.24,44.02,38.7,1.6,5.45,752
88,87,18.9,39.04,38.36,0.41,3.29,730
88,88,13.75,40.92,43.37,0.16,1.8,611
88,89,10.08,46.98,39.29,0.76,2.9,794
88,90,17.05,44.22,33.82,0.72,4.19,692
88,91,18.72,51.23,24.89,0.34,4.82,892
88,92,20.39,51.72,24.25,0.21,3.43,466
88,93,19.18,47.84,27.6,0.58,4.8,855
88,94,14.44,54.04,28.57,0.31,2.64,644
88,95,19.86,52.81,23.45,0,3.88,695
88,96,30.48,42.42,24.02,0.14,2.95,712
88,97,20.35,48.02,28.08,0.52,3.03,958
88,98,21.06,51.62,25.49,0.32,1.51,926
88,99,20.31,58.49,18.26,0.51,2.43,783
88,100,16.64,44.57,32.71,0.43,5.64,691
88,101,9.33,53.33,32.48,1.33,3.52,825
88,102,10.57,48.9,36.7,1.05,2.79,861
88,103,15.33,46,32.11,1.44,5.11,763
88,104,8.42,51.4,36.18,0.97,3.02,926
88,105,14.79,39.86,40.55,0.55,4.25,730
88,106,13.16,46.32,34.56,0.7,5.26,570
88,107,11.43,47.09,35.43,1.12,4.93,446
88,108,11.04,49.69,33.87,0.74,4.66,815
88,109,29.91,36.71,28.76,0.72,3.9,692
88,110,29.76,34.3,29.22,0.73,5.99,551
88,111,26.42,49.81,20,0,3.77,530
88,112,28.35,31.06,36.73,0.26,3.61,776
88,113,34.41,27.58,35.49,0,2.52,834
88,114,22.2,45.31,29.52,0.11,2.86,874
88,115,47.21,35.69,12.83,0,4.28,538
88,116,26.8,56.86,13.33,0.26,2.75,765
88,117,26.79,34.29,35.41,1.59,1.91,627
88,118,30.14,38.49,26.07,1.22,4.07,491
88,119,40.51,30.24,24.82,1.28,3.14,701
88,120,20.5,72.54,5.52,0.12,1.32,834
88,121,7.28,77.83,3.21,0.51,11.17,591
88,122,20.86,74.29,3.71,0.29,0.86,350
88,123,36.42,42.68,15.64,0.78,4.47,895
88,124,32.65,38.3,25.57,0.24,3.24,833
88,125,40.85,35.47,20.71,0.57,2.4,874
88,126,45.12,21.32,30.41,0.17,2.98,605
88,127,33.78,32.33,31.33,0.33,2.22,900
88,128,32.02,41.11,20.62,3.53,2.71,737
88,129,40.5,16.03,38.97,2.09,2.41,911
88,130,41.65,17.12,38,0.21,3.03,958
88,131,34.94,24.21,36.97,0,3.88,541
88,132,20.49,24.25,48.12,0.38,6.77,532
88,133,24.36,46.3,25.33,0.73,3.27,825
88,134,18.02,50,24.51,4.07,3.41,910
88,135,28.45,49.78,17.67,0.43,3.66,464
88,136,27.01,41.94,25.59,1.66,3.79,422
88,137,30.03,35.2,30.46,0.57,3.74,696
88,138,26.18,44.41,18.09,1.47,9.85,680
88,139,18,28.25,40.38,4.75,8.62,800
88,140,26.03,45.23,24.89,0.14,3.7,703
88,141,37.24,32.43,27.03,0.3,3,666
88,142,52.95,6.99,32.86,0.98,6.22,916
88,143,52.77,14.76,29.15,0,3.32,542
88,144,63.86,9.24,23.93,0.83,2.15,606
88,145,44.67,30.49,21.2,0.63,3.01,797
88,146,25.68,40.15,22.59,0.39,11.2,518
88,147,29.04,37.99,29.91,0,3.06,458
88,148,29.98,49.65,16.09,0.35,3.94,864
88,149,34.63,40.78,21.11,0.2,3.28,488
88,150,37.05,41.82,17.73,0,3.41,440
88,151,15.84,57.47,21.89,0.89,3.91,562
88,152,26.97,46.58,21.03,0.65,4.77,775
88,153,23.02,43.26,28.14,1.63,3.95,430
88,154,15.58,45.12,33.02,0.47,5.81,430
88,155,24.45,47.4,25.41,0.41,2.32,732
88,156,19.43,52.19,25.14,0,3.24,525
88,157,52.88,12.3,31.41,0.52,2.88,382
89,1,21.78,72,5.11,0,1.11,450
89,2,24.84,60.39,10.71,1.07,3,467
89,3,23.96,53.53,20.94,0,1.57,893
89,4,20.59,56.19,20.74,0.31,2.17,646
89,5,25.51,53.21,18.41,0.84,2.03,592
89,6,25.23,48.75,20.56,0.47,4.98,642
89,7,33.2,30.52,16.91,3.3,16.08,485
89,8,16.15,67.97,9.83,0.54,5.52,743
89,9,15.41,57.38,19.3,0.39,7.51,772
89,10,21.15,59.34,10.99,0.27,8.24,364
89,11,21.66,58.46,17.36,0,2.52,674
89,12,24.47,60.05,13.62,0.4,1.46,756
89,13,23.74,53.46,20.28,0,2.52,636
89,14,20.31,57.05,18.14,1.09,3.41,645
89,15,17.58,49.74,30.73,0.13,1.82,768
89,16,23.92,54.91,18.59,0,2.58,581
89,17,17.86,55.53,19.03,4.27,3.3,515
89,18,19.87,57.84,18.74,0.16,3.39,619
89,19,24.46,48.62,16.31,1.85,8.77,650
89,20,22.01,48.01,22.18,1.21,6.59,577
89,21,24.25,51.99,19.77,0,3.99,602
89,22,26.45,46.87,23.2,0,3.48,431
89,23,30.94,54.03,11.44,0.22,3.38,918
89,24,17.99,51.17,22.68,0,8.16,895
89,25,18.72,56.16,18.72,0.16,6.24,641
89,26,20.29,49.57,25.07,0.43,4.64,690
89,27,12.92,49.58,26.4,0.28,10.81,712
89,28,23.88,53.95,18.9,0.52,2.75,582
89,29,24.3,48.8,24.1,0.2,2.59,502
89,30,34.67,47.9,15.23,0.2,2,499
89,31,25.5,32.13,29.72,0.2,12.45,498
89,32,27.66,48.33,21.98,0.29,1.75,687
89,33,25.73,51.86,15.78,1.46,5.17,754
89,34,24.79,52.58,17.48,0.86,4.3,698
89,35,19.18,52.58,20.43,0.36,7.46,563
89,36,24.75,41.38,21.38,0.62,11.88,800
89,37,24.84,49.69,18.55,0.31,6.6,636
89,38,26.67,21.95,46.54,0.99,3.84,911
89,39,25.26,36.18,33.95,0.13,4.47,760
89,40,41.72,33.25,21.59,0.53,2.91,755
89,41,42.51,25.6,27.89,0.57,3.43,875
89,42,34.29,24.84,38.78,0.16,1.92,624
89,43,24.74,52.98,18.26,0.52,3.5,772
89,44,33.22,37.49,23.28,1.97,4.04,915
89,45,24.09,49.81,22.97,0.12,3,801
89,46,38.12,35.82,22.5,0,3.56,871
89,47,30.73,32.22,31.6,0.37,5.08,807
89,48,32.61,40.23,23.48,0.38,3.3,788
89,49,33.16,52.52,12.52,0.13,1.68,775
89,50,59.82,19.52,18.88,0,1.79,784
89,51,52.25,10.94,33.72,0.13,2.96,777
89,52,33.11,46.42,18.37,0,2.09,909
89,53,34.17,21.49,41.49,0,2.86,875
89,54,39.63,16.15,35.97,0.23,8.02,873
89,55,46.95,31.54,19.48,0.15,1.89,688
89,56,32.74,41.87,23.61,0,1.78,449
89,57,25.4,51.28,19.17,0.16,3.99,626
89,58,19.57,51.07,24.02,0.89,4.45,562
89,59,23.42,57.24,15.61,0.34,3.39,884
89,60,36.32,42.79,16.12,1.7,3.06,881
89,61,27.14,50.71,17.38,1.19,3.57,420
89,62,31.81,42.32,19.68,2.7,3.5,371
89,63,38.15,22.89,36.35,0.4,2.21,498
89,64,42.45,21.22,29.45,4.4,2.49,523
89,65,37.97,32.14,26.61,0.15,3.14,669
89,66,35.89,36.87,23.46,0,3.77,716
89,67,26.24,36.18,30.19,0.13,7.26,785
89,68,21.31,37.9,33.33,0.61,6.85,657
89,69,27.78,46.54,21.23,1.23,3.21,810
89,70,33.41,46.06,15.75,0.48,4.3,419
89,71,35.51,31.67,27.83,1.15,3.84,521
89,72,28.94,20.16,47.11,0.6,3.19,501
89,73,35.57,38.44,23.23,0.48,2.28,835
89,74,31.04,36.77,29.1,0,3.09,873
89,75,41.06,36.28,20,0.43,2.23,940
89,76,36.9,35.12,24.06,0.18,3.74,561
89,77,45.73,34.19,19.09,0,0.99,503
89,78,23.38,58.39,15.55,0.41,2.27,971
89,79,36.86,41.12,17.91,0.73,3.38,681
89,80,25.41,43.09,26.75,1.04,3.71,673
89,81,22.43,47.49,27.09,1.31,1.67,838
89,82,26.63,43.53,24.17,3.32,2.35,935
89,83,25.2,48.5,21.57,0.79,3.94,635
89,84,27.7,41.46,21.25,5.57,4.01,574
89,85,38.01,29.22,29.5,0.28,2.98,705
89,86,42.68,29.78,22.77,1.59,3.18,628
89,87,15.93,44.46,33.52,2.91,3.19,722
89,88,10.39,50.65,34.49,1.3,3.17,693
89,89,22.67,53.6,18.8,2.81,2.11,569
89,90,23,44.2,28.4,0.4,4,500
89,91,18.13,54.74,20.56,0.73,5.84,822
89,92,25.64,47.54,21.73,0.68,4.41,589
89,93,22.62,47.66,24.56,0.81,4.36,619
89,94,18.93,56.96,20.55,0.16,3.4,618
89,95,23.38,57.96,14.93,0,3.73,402
89,96,34.68,42.09,20.54,0.17,2.53,594
89,97,47.12,35.98,14.71,0,2.19,503
89,98,25.72,46.27,25.24,0.12,2.64,832
89,99,16.7,50.33,29.12,0.55,3.3,910
89,100,17.27,56.02,21.99,2.11,2.61,805
89,101,11.81,56.61,27.84,0.47,3.27,855
89,102,12.13,44.35,36.82,1.46,5.23,478
89,103,10.54,53.68,30.02,1.79,3.98,503
89,104,22.54,37.22,38.43,0.2,1.61,497
89,105,21.94,38.27,37.5,0,2.3,392
89,106,24.21,52.38,21.83,0.2,1.39,504
89,107,10.72,47.5,40.48,0,1.29,541
89,108,22.19,35.52,39.45,0.11,2.73,915
89,109,25.04,38.45,35.63,0.35,0.53,567
89,110,29.95,36.47,29.95,1.21,2.42,414
89,111,20.94,42.95,32.75,0,3.36,745
89,112,24.18,50.59,22.48,0.13,2.61,765
89,113,24.83,44.21,27.81,0.33,2.81,604
89,114,23.12,42.01,31.48,0.61,2.78,826
89,115,43.06,33.33,19.58,0.28,3.75,720
89,116,40.68,44.49,13.56,0,1.27,472
89,117,29.73,37.87,28.11,1.04,3.25,676
89,118,35.22,36.94,23.09,0,4.75,758
89,119,32.22,21.57,40.21,2.53,3.46,751
89,120,45.08,21.21,30.01,1.04,2.67,863
89,121,23.92,58.45,15.11,1.08,1.44,556
89,122,14.08,52.58,27.45,1.6,4.28,561
89,123,21.72,38.01,30.32,6.49,3.47,663
89,124,35.3,29.22,28.38,1.01,6.08,592
89,125,32.29,38.17,26.61,0,2.94,545
89,126,31.81,38.17,26.04,0.2,3.78,503
89,127,28.47,55.26,12.32,1.2,2.75,836
89,128,45.35,29.1,22.75,0,2.81,677
89,129,21.33,58.22,18.57,0,1.88,797
89,130,24.36,54.55,16.85,0.61,3.64,825
89,131,30.49,44.51,22.94,0.14,1.92,728
89,132,34.28,55.08,4.49,0.71,5.44,423
89,133,22.22,48.26,23.44,0.17,5.9,576
89,134,20.67,66.39,10.59,0.34,2.02,595
89,135,17.85,54.21,18.68,6.28,2.98,605
89,136,20.22,60.66,17.38,0.47,1.26,633
89,137,17.56,51.08,23.66,2.69,5.02,558
89,138,23.09,52.13,21.75,1.12,1.91,892
89,139,32.54,51.4,12.57,0.42,3.07,716
89,140,36.18,41.53,12.74,0.29,9.26,691
89,141,34.34,43.98,18.31,0.6,2.77,830
89,142,48.07,38.52,10.67,0,2.74,984
89,143,40.6,43.72,12.46,0.21,3.01,963
89,144,27.99,46.3,21.67,0.27,3.77,743
89,145,33,47.79,18.46,0.13,0.63,791
89,146,35.33,39.82,20.48,1.04,3.34,869
89,147,33.07,46.44,17.37,0.56,2.56,898
89,148,24.36,30.36,41.33,0.13,3.83,784
89,149,29.03,34.16,33.28,0,3.52,682
89,150,26.77,31.97,36.06,0.63,4.57,635
89,151,33.02,48.13,15.58,0.93,2.34,642
89,152,31.04,56.97,10.76,0,1.23,567
